0.00819005 1 0 0
0.00831693 0.999979 8.97451e-06 1.21181e-05
0.00844579 0.999914 3.64563e-05 4.92263e-05
0.00857666 0.999804 8.33017e-05 0.000112481
0.00870957 0.999647 0.000150392 0.000203071
0.00884456 0.999439 0.00023864 0.00032223
0.00898165 0.99918 0.000348971 0.000471208
0.00912087 0.998866 0.000482339 0.000651293
0.00926227 0.998496 0.000639747 0.000863838
0.00940589 0.998068 0.00082222 0.00111023
0.00955174 0.997577 0.00103076 0.00139182
0.00969987 0.997023 0.00126646 0.00171008
0.00985031 0.996403 0.0015304 0.00206647
0.0100031 0.995714 0.0018237 0.0024625
0.0101583 0.994953 0.00214755 0.00289979
0.0103159 0.994117 0.00250302 0.00337978
0.010476 0.993204 0.00289144 0.00390426
0.0106385 0.992212 0.00331368 0.0044744
0.0108037 0.991136 0.00377166 0.0050928
0.0109714 0.989974 0.00426599 0.00576028
0.0111417 0.988723 0.0047981 0.00647878
0.0113147 0.98738 0.00536947 0.00725029
0.0114904 0.985942 0.00598128 0.0080764
0.0116688 0.984407 0.0066347 0.0089587
0.0118501 0.982769 0.00733165 0.00989978
0.0120342 0.981026 0.00807295 0.0109007
0.0122212 0.979176 0.00886018 0.0119637
0.0124111 0.977215 0.0096945 0.0130903
0.012604 0.97514 0.0105775 0.0142826
0.0127999 0.972947 0.0115104 0.0155422
0.0129989 0.970634 0.0124947 0.0168714
0.0132011 0.968196 0.0135321 0.0182721
0.0134064 0.965631 0.0146232 0.0197454
0.0136149 0.962937 0.0157695 0.0212932
0.0138268 0.960108 0.0169732 0.0229185
0.0140419 0.957145 0.018234 0.024621
0.0142605 0.954041 0.0195548 0.0264044
0.0144825 0.950795 0.0209357 0.0282691
0.014708 0.947405 0.0223782 0.0302169
0.0149371 0.943867 0.0238837 0.0322497
0.0151698 0.940179 0.0254528 0.0343684
0.0154062 0.936338 0.0270868 0.0365747
0.0156463 0.932345 0.0287861 0.0388693
0.0158902 0.928195 0.0305518 0.0412535
0.0161379 0.923888 0.0323842 0.0437277
0.0163896 0.919421 0.0342847 0.046294
0.0166453 0.914794 0.0362534 0.0489523
0.0169051 0.910006 0.038291 0.0517035
0.0171689 0.905058 0.0403961 0.054546
0.017437 0.899947 0.0425707 0.0574824
0.0177094 0.894674 0.0448141 0.0605115
0.017986 0.889245 0.0471244 0.0636311
0.0182671 0.883654 0.0495029 0.0668428
0.0185527 0.877907 0.0519483 0.0701448
0.0188428 0.872006 0.0544589 0.0735347
0.0191376 0.865953 0.0570343 0.0770123
0.019437 0.859755 0.0596715 0.0805732
0.0197413 0.853412 0.0623704 0.0842175
0.0200504 0.846933 0.0651273 0.0879401
0.0203646 0.840318 0.0679415 0.0917401
0.0206837 0.833582 0.0708076 0.0956101
0.021008 0.826727 0.0737242 0.0995483
0.0213375 0.819765 0.0766868 0.103549
0.0216723 0.812703 0.0796913 0.107606
0.0220126 0.805552 0.0827341 0.111714
0.0223583 0.798326 0.0858085 0.115866
0.0227096 0.791037 0.0889099 0.120053
0.0230666 0.783698 0.0920323 0.124269
0.0234294 0.776326 0.095169 0.128505
0.0237981 0.768937 0.098313 0.13275
0.0241728 0.761549 0.101457 0.136995
0.0245536 0.754181 0.104591 0.141228
0.0249407 0.746853 0.107709 0.145438
0.025334 0.73959 0.1108 0.14961
0.0257338 0.732413 0.113853 0.153733
0.0261401 0.72535 0.116858 0.157792
0.0265532 0.718423 0.119806 0.161771
0.026973 0.711663 0.122682 0.165655
0.0273997 0.7051 0.125474 0.169425
0.0278335 0.698763 0.128171 0.173066
0.0282745 0.692684 0.130757 0.176559
0.0287228 0.686897 0.13322 0.179884
0.0291785 0.681436 0.135543 0.183021
0.0296418 0.676338 0.137712 0.18595
0.0301129 0.671637 0.139712 0.18865
0.0305918 0.667374 0.141526 0.1911
0.0310788 0.663583 0.143139 0.193278
0.0315739 0.660306 0.144533 0.195161
0.0320773 0.65758 0.145693 0.196727
0.0325893 0.655443 0.146602 0.197954
0.0331099 0.653935 0.147244 0.198821
0.0336394 0.653093 0.147602 0.199304
0.0341779 0.652955 0.147661 0.199384
0.0347255 0.653554 0.147406 0.19904
0.0352825 0.654925 0.146823 0.198252
0.0358491 0.6571 0.145898 0.197003
0.0364254 0.660106 0.144619 0.195276
0.0370116 0.663969 0.142975 0.193056
0.037608 0.66871 0.140958 0.190332
0.0382148 0.674346 0.13856 0.187094
0.0388321 0.680889 0.135776 0.183335
0.0394601 0.688343 0.132604 0.179053
0.0400992 0.696709 0.129045 0.174247
0.0407495 0.705978 0.125101 0.168921
0.0414113 0.716134 0.120779 0.163086
0.0420849 0.727155 0.11609 0.156754
0.0427703 0.739002 0.11105 0.149948
0.043468 0.751634 0.105675 0.142691
0.0441782 0.764996 0.0999899 0.135014
0.0449012 0.779022 0.094022 0.126956
0.0456372 0.793633 0.0878054 0.118562
0.0463866 0.80874 0.0813775 0.109882
0.0471496 0.824239 0.0747828 0.100978
0.0479266 0.840017 0.0680696 0.091913
0.0487178 0.855943 0.0612934 0.0827633
0.0495236 0.871878 0.0545134 0.0736084
0.0503443 0.887669 0.0477949 0.0645364
0.0511803 0.903152 0.0412071 0.0556411
0.052032 0.918154 0.034824 0.0470221
0.0528996 0.932488 0.0287249 0.0387867
0.0537836 0.945966 0.0229903 0.0310433
0.0546844 0.958392 0.0177036 0.0239047
0.0555741 0.969244 0.0130862 0.0176701
0.0564476 0.978422 0.0091811 0.0123971
0.0573061 0.985935 0.00598443 0.00808066
0.0581506 0.991804 0.00348714 0.00470862
0.058982 0.996063 0.00167506 0.0022618
0.0598012 0.998755 0.000529528 0.000715011
0.0606088 0.999933 2.84347e-05 3.83948e-05
0.0614057 0.999656 0.000146206 0.000197419
0.0621924 0.997991 0.000854804 0.00115422
0.0629694 0.995009 0.00212367 0.00286755
0.0637375 0.990784 0.00392114 0.00529464
0.0644971 0.985396 0.00621359 0.00839008
0.0652485 0.978928 0.00896573 0.0121062
0.0659924 0.97146 0.012143 0.0163965
0.0667291 0.963079 0.0157092 0.0212118
0.067459 0.953869 0.0196278 0.026503
0.0681824 0.943917 0.0238622 0.0322207
0.0688997 0.933308 0.0283764 0.0383161
0.0696111 0.922127 0.0331334 0.0447393
0.0703171 0.910457 0.0380988 0.051444
0.0710179 0.898381 0.043237 0.058382
0.0717137 0.885981 0.0485128 0.0655059
0.0724049 0.873334 0.0538938 0.0727717
0.0730916 0.86052 0.059346 0.0801337
0.073774 0.847614 0.0648372 0.0875484
0.0744525 0.834686 0.0703381 0.0949761
0.0751272 0.821806 0.075818 0.102376
0.0757983 0.809043 0.0812485 0.109708
0.076466 0.796461 0.0866022 0.116937
0.0771305 0.784119 0.0918533 0.124028
0.0777919 0.772078 0.0969765 0.130945
0.0784505 0.76039 0.101949 0.13766
0.0791063 0.74911 0.106749 0.144141
0.0797596 0.738283 0.111356 0.150361
0.0804105 0.727956 0.11575 0.156294
0.0810592 0.718169 0.119914 0.161917
0.0817058 0.70896 0.123832 0.167208
0.0823503 0.700368 0.127488 0.172144
0.0829931 0.692419 0.13087 0.176711
0.0836341 0.685144 0.133965 0.180891
0.0842735 0.678568 0.136763 0.184669
0.0849115 0.67271 0.139256 0.188034
0.0855481 0.667589 0.141435 0.190976
0.0861835 0.66322 0.143294 0.193487
0.0868177 0.659614 0.144828 0.195558
0.087451 0.656778 0.146035 0.197188
0.0880834 0.654718 0.146911 0.198371
0.0887149 0.653436 0.147457 0.199108
0.0893458 0.652929 0.147672 0.199399
0.0899761 0.653195 0.147559 0.199246
0.0906059 0.654225 0.147121 0.198654
0.0912353 0.65601 0.146361 0.197629
0.0918645 0.658537 0.145286 0.196177
0.0924934 0.661789 0.143902 0.194308
0.0931223 0.66575 0.142217 0.192033
0.0937511 0.670398 0.140239 0.189362
0.0943801 0.675712 0.137978 0.18631
0.0950092 0.681664 0.135446 0.18289
0.0956386 0.688228 0.132653 0.179119
0.0962685 0.695376 0.129612 0.175012
0.0968987 0.703072 0.126337 0.170591
0.0975295 0.711286 0.122842 0.165871
0.098161 0.719984 0.119142 0.160875
0.0987932 0.729125 0.115252 0.155622
0.0994263 0.738675 0.111189 0.150136
0.10006 0.748587 0.106971 0.144441
0.100695 0.75883 0.102613 0.138557
0.101331 0.769355 0.0981349 0.13251
0.101969 0.780135 0.0935484 0.126316
0.102607 0.79109 0.0888874 0.120023
0.103247 0.802207 0.0841572 0.113636
0.103889 0.81344 0.0793778 0.107182
0.104532 0.824724 0.0745768 0.1007
0.105176 0.83601 0.0697746 0.0942153
0.105823 0.847286 0.0649769 0.087737
0.106471 0.858469 0.060219 0.0813125
0.107122 0.869544 0.0555067 0.0749496
0.107774 0.88043 0.0508749 0.0686953
0.108429 0.891112 0.0463296 0.0625579
0.109085 0.901513 0.0419046 0.0565829
0.109745 0.911631 0.0375994 0.0507697
0.110406 0.921376 0.033453 0.045171
0.111071 0.930748 0.0294656 0.0397868
0.111738 0.939673 0.0256679 0.0346588
0.112408 0.948125 0.0220718 0.0298031
0.11308 0.956051 0.0186997 0.0252498
0.113756 0.963434 0.015558 0.0210076
0.114435 0.970227 0.0126677 0.0171049
0.115117 0.976395 0.0100435 0.0135615
0.115803 0.981913 0.00769577 0.0103914
0.116492 0.986742 0.00564122 0.00761723
0.117185 0.99086 0.0038888 0.00525096
0.117882 0.994242 0.00244987 0.00330801
0.118583 0.996864 0.00133446 0.0018019
0.119288 0.998705 0.000551201 0.000744276
0.119997 0.999748 0.000107198 0.000144747
0.120711 0.999981 8.09182e-06 1.09262e-05
0.121429 0.999392 0.00025865 0.00034925
0.122151 0.997976 0.000861063 0.00116268
0.122879 0.995725 0.00181887 0.00245599
0.123612 0.99264 0.00313153 0.00422844
0.12435 0.988725 0.00479717 0.00647752
0.125094 0.983983 0.00681492 0.00920205
0.125843 0.978432 0.00917694 0.0123914
0.126598 0.972081 0.0118792 0.0160402
0.127358 0.96496 0.0149089 0.0201312
0.128126 0.957066 0.0182678 0.0246666
0.128899 0.948457 0.0219304 0.0296122
0.12968 0.939136 0.0258964 0.0349674
0.130467 0.929164 0.0301393 0.0406965
0.131261 0.918573 0.0346455 0.0467811
0.132063 0.907398 0.0394005 0.0532016
0.132873 0.89569 0.0443819 0.059928
0.13369 0.883523 0.0495589 0.0669184
0.134516 0.870928 0.0549176 0.0741541
0.13535 0.857989 0.0604228 0.0815877
0.136194 0.844747 0.0660574 0.089196
0.137046 0.831307 0.0717755 0.096917
0.137908 0.817721 0.0775562 0.104723
0.13878 0.804073 0.0833632 0.112564
0.139663 0.790437 0.0891652 0.120398
0.140556 0.77692 0.0949163 0.128164
0.14146 0.763605 0.100582 0.135814
0.142375 0.750589 0.10612 0.143291
0.143303 0.737948 0.111498 0.150554
0.144243 0.7258 0.116667 0.157533
0.145196 0.714239 0.121586 0.164175
0.146163 0.703361 0.126214 0.170425
0.147143 0.693285 0.130501 0.176213
0.148138 0.684098 0.13441 0.181492
0.149149 0.675899 0.137899 0.186202
0.150175 0.668803 0.140918 0.190279
0.151218 0.662897 0.143431 0.193672
0.152279 0.658276 0.145397 0.196327
0.153358 0.655034 0.146777 0.19819
0.154456 0.653255 0.147534 0.199212
0.155574 0.653017 0.147635 0.199348
0.156714 0.65439 0.147051 0.198559
0.157876 0.657435 0.145755 0.19681
0.159061 0.662199 0.143728 0.194073
0.160272 0.668726 0.140951 0.190323
0.161509 0.677032 0.137417 0.185551
0.162774 0.687123 0.133123 0.179754
0.16407 0.698996 0.128072 0.172933
0.165397 0.712599 0.122284 0.165117
0.166758 0.727879 0.115782 0.156339
0.168156 0.744756 0.108602 0.146643
0.169593 0.763104 0.100795 0.136101
0.171072 0.78277 0.0924272 0.124803
0.172596 0.80356 0.0835817 0.112859
0.174169 0.825242 0.0743563 0.100402
0.175795 0.847533 0.0648719 0.0875952
0.177478 0.87009 0.0552743 0.0746357
0.179223 0.892519 0.045731 0.0617496
0.181037 0.914382 0.0364288 0.049189
0.182894 0.934817 0.0277341 0.0374488
0.184743 0.952841 0.0200655 0.027094
0.186585 0.968184 0.0135371 0.0182789
0.188419 0.980631 0.00824122 0.011128
0.190247 0.990053 0.00423245 0.00571499
0.192067 0.996364 0.00154725 0.00208922
0.19388 0.999557 0.000188333 0.000254302
0.195687 0.99968 0.000136326 0.000184078
0.197488 0.996825 0.00135088 0.00182406
0.199282 0.991141 0.00376954 0.00508993
0.20107 0.98281 0.0073141 0.00987609
0.202852 0.972053 0.011891 0.0160561
0.204629 0.959111 0.0173974 0.0234914
0.206399 0.944271 0.0237116 0.0320172
0.208164 0.927805 0.0307178 0.0414776
0.209924 0.910008 0.0382899 0.0517021
0.211679 0.891184 0.0462994 0.0625171
0.213428 0.871645 0.0546126 0.0737423
0.215173 0.851668 0.0631124 0.0852193
0.216913 0.831554 0.0716707 0.0967755
0.218648 0.811578 0.0801699 0.108252
0.220379 0.791992 0.0885037 0.119505
0.222105 0.773048 0.0965637 0.130388
0.223827 0.75496 0.10426 0.14078
0.225545 0.737929 0.111506 0.150565
0.227258 0.722141 0.118224 0.159635
0.228968 0.707732 0.124354 0.167913
0.230674 0.694842 0.129839 0.175319
0.232376 0.683574 0.134633 0.181792
0.234075 0.674005 0.138705 0.18729
0.23577 0.666198 0.142027 0.191776
0.237462 0.660182 0.144586 0.195232
0.239151 0.655974 0.146376 0.197649
0.240836 0.653569 0.1474 0.199031
0.242519 0.652937 0.147669 0.199394
0.244198 0.654038 0.1472 0.198762
0.245875 0.656812 0.14602 0.197168
0.247549 0.661187 0.144159 0.194654
0.24922 0.667075 0.141653 0.191271
0.250889 0.674384 0.138543 0.187072
0.252555 0.683003 0.134876 0.182121
0.254218 0.692818 0.1307 0.176482
0.25588 0.70372 0.126062 0.170219
0.257539 0.715573 0.121018 0.163409
0.259196 0.728256 0.115622 0.156122
0.260851 0.741641 0.109927 0.148432
0.262505 0.755605 0.103986 0.14041
0.264156 0.770003 0.0978592 0.132137
0.265805 0.784717 0.0915988 0.123684
0.267453 0.799631 0.0852532 0.115116
0.269099 0.814616 0.0788775 0.106507
0.270744 0.829564 0.0725173 0.0979186
0.272386 0.844347 0.0662272 0.0894253
0.274028 0.858888 0.0600406 0.0810716
0.275668 0.873069 0.0540068 0.0729243
0.277307 0.886807 0.0481613 0.0650312
0.278945 0.900019 0.0425402 0.0574412
0.280581 0.912617 0.0371797 0.050203
0.282217 0.924548 0.0321032 0.0433483
0.283852 0.935742 0.0273406 0.0369175
0.285485 0.946137 0.0229178 0.0309455
0.287118 0.955698 0.0188495 0.0254521
0.28875 0.964381 0.0151553 0.0204638
0.290381 0.972152 0.0118488 0.0159992
0.292012 0.978991 0.00893893 0.0120701
0.293642 0.984875 0.00643541 0.00868961
0.295272 0.989796 0.00434175 0.00586258
0.296901 0.993745 0.00266152 0.0035938
0.298529 0.996724 0.001394 0.00188229
0.300158 0.998742 0.000535197 0.000722666
0.301786 0.999809 8.13782e-05 0.000109883
0.303414 0.999941 2.49367e-05 3.36715e-05
0.305042 0.999161 0.000356897 0.000481911
0.306669 0.997495 0.00106587 0.00143922
0.308297 0.99497 0.0021402 0.00288987
0.309924 0.991622 0.00356451 0.00481308
0.311552 0.987484 0.00532512 0.00719041
0.31318 0.982597 0.00740463 0.00999833
0.314808 0.977002 0.00978536 0.013213
0.316436 0.970742 0.0124487 0.0168092
0.318064 0.963864 0.0153754 0.0207611
0.319693 0.956408 0.0185475 0.0250443
0.321322 0.948428 0.021943 0.0296291
0.322951 0.939971 0.0255411 0.0344876
0.324581 0.931082 0.0293233 0.0395947
0.326211 0.921814 0.0332666 0.0449192
0.327842 0.912211 0.0373524 0.0504363
0.329474 0.902322 0.0415604 0.0561181
0.331106 0.892199 0.0458673 0.0619336
0.332738 0.881892 0.0502529 0.0678555
0.334371 0.871439 0.0547002 0.0738605
0.336005 0.860887 0.0591898 0.0799228
0.33764 0.85028 0.0637031 0.086017
0.339276 0.83966 0.0682218 0.0921185
0.340912 0.829074 0.0727257 0.0982
0.342549 0.818557 0.0772006 0.104242
0.344188 0.808139 0.0816331 0.110228
0.345827 0.79787 0.0860025 0.116127
0.347467 0.787777 0.0902969 0.121926
0.349108 0.777893 0.0945025 0.127605
0.35075 0.768248 0.0986063 0.133146
0.352394 0.758864 0.102599 0.138537
0.354038 0.74978 0.106464 0.143756
0.355684 0.74101 0.110196 0.148795
0.357331 0.73258 0.113782 0.153638
0.358979 0.724511 0.117216 0.158274
0.360628 0.716821 0.120487 0.162692
0.362279 0.709523 0.123592 0.166884
0.363931 0.702636 0.126523 0.170841
0.365584 0.696171 0.129273 0.174555
0.367239 0.690137 0.131841 0.178022
0.368895 0.684545 0.13422 0.181235
0.370552 0.679403 0.136408 0.184189
0.372211 0.674713 0.138404 0.186884
0.373872 0.670479 0.140205 0.189316
0.375534 0.666708 0.14181 0.191483
0.377198 0.663396 0.143219 0.193385
0.378863 0.660546 0.144431 0.195023
0.38053 0.658154 0.145449 0.196397
0.382199 0.656218 0.146273 0.197509
0.383869 0.654733 0.146905 0.198363
0.385541 0.653693 0.147347 0.19896
0.387214 0.653092 0.147603 0.199305
0.38889 0.652922 0.147675 0.199403
0.390567 0.653176 0.147567 0.199257
0.392246 0.653842 0.147284 0.198874
0.393927 0.654912 0.146829 0.19826
0.395609 0.656373 0.146207 0.19742
0.397294 0.658216 0.145423 0.196362
0.39898 0.660426 0.144483 0.195092
0.400668 0.662991 0.143391 0.193618
0.402359 0.665902 0.142153 0.191946
0.404051 0.669139 0.140775 0.190086
0.405745 0.672691 0.139264 0.188045
0.407441 0.676544 0.137625 0.185832
0.409139 0.680682 0.135864 0.183454
0.410839 0.685092 0.133987 0.18092
0.412542 0.689762 0.132001 0.178238
0.414246 0.694669 0.129913 0.175418
0.415953 0.699806 0.127727 0.172467
0.417661 0.705151 0.125453 0.169396
0.419372 0.710695 0.123094 0.166211
0.421085 0.71642 0.120658 0.162922
0.4228 0.722312 0.118151 0.159537
0.424517 0.728354 0.11558 0.156066
0.426237 0.734537 0.11295 0.152514
0.427958 0.740838 0.110269 0.148893
0.429682 0.747251 0.10754 0.145209
0.431408 0.753757 0.104772 0.141471
0.433137 0.760348 0.101967 0.137685
0.434868 0.767005 0.0991348 0.13386
0.436601 0.773716 0.0962794 0.130004
0.438336 0.780468 0.0934067 0.126125
0.440074 0.787252 0.0905203 0.122228
0.441814 0.794052 0.087627 0.118321
0.443556 0.800856 0.084732 0.114412
0.445301 0.807657 0.0818382 0.110505
0.447048 0.81444 0.0789522 0.106608
0.448798 0.821198 0.0760767 0.102725
0.45055 0.827918 0.0732179 0.0988646
0.452304 0.834588 0.0703798 0.0950324
0.454061 0.841204 0.0675648 0.0912314
0.455821 0.847756 0.0647769 0.0874669
0.457582 0.854229 0.0620228 0.0837481
0.459347 0.860625 0.0593014 0.0800735
0.461114 0.866929 0.0566191 0.0764516
0.462883 0.873134 0.053979 0.0728867
0.464655 0.879237 0.0513826 0.0693808
0.466429 0.885226 0.0488342 0.0659398
0.468206 0.8911 0.046335 0.0625652
0.469985 0.896849 0.0438889 0.0592623
0.471767 0.902471 0.0414968 0.0560323
0.473551 0.907958 0.0391622 0.0528799
0.475338 0.913308 0.0368858 0.0498062
0.477128 0.918517 0.0346695 0.0468136
0.47892 0.923578 0.0325162 0.043906
0.480715 0.92849 0.0304263 0.041084
0.482512 0.933247 0.0284022 0.0383509
0.484312 0.937849 0.0264441 0.0357069
0.486114 0.942291 0.0245541 0.033155
0.487919 0.946573 0.0227323 0.030695
0.489727 0.950692 0.0209795 0.0283282
0.491537 0.954646 0.0192974 0.0260568
0.49335 0.958434 0.0176856 0.0238804
0.495165 0.962054 0.0161454 0.0218008
0.496983 0.965506 0.0146765 0.0198174
0.498804 0.96879 0.0132791 0.0179305
0.500627 0.971905 0.011954 0.0161413
0.502452 0.974849 0.0107014 0.0144498
0.504281 0.977626 0.00951971 0.0128543
0.506112 0.980234 0.00841023 0.0113562
0.507945 0.982672 0.00737264 0.00995512
0.509782 0.984945 0.00640552 0.00864924
0.51162 0.98705 0.00551004 0.00744009
0.513462 0.988991 0.00468424 0.00632504
0.515306 0.990767 0.00392852 0.0053046
0.517152 0.99238 0.00324218 0.00437785
0.519002 0.993833 0.00262383 0.00354291
0.520853 0.995126 0.00207372 0.00280011
0.522708 0.996263 0.00159013 0.00214712
0.524565 0.997244 0.00117276 0.00158356
0.526424 0.998071 0.000820635 0.00110809
0.528286 0.998748 0.000532588 0.000719142
0.530151 0.999277 0.000307654 0.000415419
0.532018 0.999659 0.000144896 0.000195651
0.533888 0.999899 4.31326e-05 5.82411e-05
0.53576 0.999997 1.28737e-06 1.73832e-06
0.537635 0.999957 1.81775e-05 2.45447e-05
0.539512 0.999782 9.26054e-05 0.000125043
0.541392 0.999475 0.000223396 0.000301647
0.543274 0.999038 0.000409244 0.000552594
0.545159 0.998475 0.000648991 0.000876319
0.547046 0.997788 0.000941235 0.00127093
0.548936 0.99698 0.00128484 0.0017349
0.550828 0.996055 0.00167833 0.00226622
0.552723 0.995016 0.00212059 0.00286339
0.55462 0.993866 0.00261008 0.00352434
0.556519 0.992607 0.00314542 0.0042472
0.558421 0.991244 0.00372558 0.00503057
0.560325 0.989779 0.00434891 0.00587224
0.562231 0.988216 0.00501405 0.00677037
0.56414 0.986556 0.00572001 0.00772362
0.566051 0.984805 0.00646511 0.0087297
0.567964 0.982965 0.00724798 0.0097868
0.569879 0.98104 0.00806728 0.0108931
0.571797 0.97903 0.00892213 0.0120474
0.573716 0.976943 0.00981031 0.0132467
0.575638 0.974778 0.0107314 0.0144905
0.577562 0.97254 0.0116838 0.0157763
0.579489 0.97023 0.0126665 0.0171033
0.581417 0.967854 0.0136773 0.0184682
0.583347 0.965414 0.0147156 0.0198701
0.585279 0.962913 0.0157799 0.0213073
0.587213 0.960353 0.0168691 0.0227781
0.58915 0.957736 0.0179827 0.0242816
0.591088 0.955067 0.0191181 0.0258148
0.593028 0.952348 0.0202749 0.0273768
0.594969 0.949584 0.0214513 0.0289652
0.596913 0.946773 0.0226473 0.0305802
0.598858 0.943921 0.0238606 0.0322185
0.600805 0.94103 0.0250908 0.0338797
0.602753 0.938103 0.0263362 0.0355612
0.604703 0.935141 0.0275963 0.0372627
0.606655 0.932147 0.02887 0.0389826
0.608608 0.929125 0.0301559 0.0407189
0.610563 0.926076 0.0314534 0.0424709
0.612519 0.923002 0.0327611 0.0442367
0.614476 0.919907 0.0340779 0.0460148
0.616434 0.916793 0.035403 0.047804
0.618394 0.91366 0.0367361 0.0496041
0.620355 0.910511 0.0380757 0.0514129
0.622317 0.90735 0.039421 0.0532294
0.624279 0.904178 0.0407704 0.0550514
0.626243 0.900996 0.0421245 0.0568799
0.628208 0.897805 0.0434819 0.0587127
0.630174 0.894609 0.0448418 0.0605489
0.63214 0.891411 0.0462027 0.0623866
0.634107 0.888209 0.0475648 0.0642258
0.636075 0.885007 0.0489273 0.0660655
0.638043 0.881807 0.0502888 0.067904
0.640011 0.878611 0.0516488 0.0697404
0.641981 0.875416 0.053008 0.0715757
0.64395 0.87223 0.0543638 0.0734063
0.645919 0.869051 0.0557162 0.0752325
0.647889 0.86588 0.0570655 0.0770545
0.649859 0.862719 0.0584105 0.0788705
0.651828 0.859571 0.0597499 0.0806791
0.653798 0.856434 0.0610846 0.0824814
0.655767 0.853312 0.062413 0.084275
0.657736 0.850205 0.0637351 0.0860602
0.659704 0.847114 0.06505 0.0878356
0.661672 0.84404 0.0663578 0.0896017
0.663639 0.840985 0.0676577 0.0913569
0.665606 0.837948 0.0689499 0.0931017
0.667571 0.834933 0.0702328 0.094834
0.669535 0.831939 0.0715068 0.0965541
0.671498 0.828967 0.0727715 0.0982618
0.67346 0.826017 0.0740266 0.0999567
0.67542 0.823091 0.0752714 0.101637
0.677379 0.820189 0.0765062 0.103305
0.679336 0.817312 0.0777302 0.104957
0.681291 0.814462 0.0789431 0.106595
0.683245 0.811636 0.0801454 0.108219
0.685195 0.80884 0.0813351 0.109825
0.687144 0.806069 0.0825139 0.111417
0.68909 0.803328 0.0836804 0.112992
0.691034 0.800614 0.0848351 0.114551
0.692974 0.79793 0.0859768 0.116093
0.694636 0.795652 0.0869463 0.117402
0.695119 0.794993 0.0872266 0.11778
0.695602 0.794336 0.0875062 0.118158
0.696085 0.79368 0.0877851 0.118534
0.696568 0.793027 0.0880633 0.11891
0.69705 0.792376 0.0883403 0.119284
0.697532 0.791726 0.0886166 0.119657
0.698014 0.791079 0.0888922 0.120029
0.698496 0.790432 0.0891671 0.120401
0.698978 0.789788 0.0894413 0.120771
0.699459 0.789146 0.0897143 0.121139
0.69994 0.788506 0.0899866 0.121507
0.700421 0.787868 0.0902582 0.121874
0.700902 0.787231 0.0905292 0.12224
0.701382 0.786597 0.0907988 0.122604
0.701862 0.785965 0.0910678 0.122967
0.702342 0.785334 0.0913361 0.123329
0.702821 0.784707 0.0916032 0.12369
0.703301 0.784079 0.0918702 0.12405
0.70378 0.783455 0.0921358 0.124409
0.704258 0.782833 0.0924003 0.124766
0.704737 0.782212 0.0926646 0.125123
0.705215 0.781594 0.0929277 0.125478
0.705693 0.780977 0.0931901 0.125833
0.70617 0.780363 0.0934513 0.126185
0.706647 0.779751 0.0937117 0.126537
0.707124 0.779141 0.0939715 0.126888
0.707601 0.778532 0.0942306 0.127238
0.708077 0.777926 0.0944885 0.127586
0.708553 0.777321 0.0947457 0.127933
0.709029 0.776718 0.0950022 0.12828
0.709504 0.776118 0.0952575 0.128624
0.709979 0.77552 0.0955121 0.128968
0.710454 0.774923 0.0957661 0.129311
0.710928 0.774329 0.0960188 0.129652
0.711402 0.773737 0.0962708 0.129993
0.711875 0.773147 0.0965216 0.130331
0.712348 0.772559 0.0967718 0.130669
0.712821 0.771973 0.0970213 0.131006
0.713293 0.771389 0.0972695 0.131341
0.713765 0.770807 0.0975171 0.131675
0.714237 0.770227 0.0977641 0.132009
0.714709 0.769648 0.0980103 0.132341
0.71518 0.769072 0.0982554 0.132672
0.71565 0.768499 0.0984993 0.133002
0.71612 0.767928 0.0987425 0.13333
0.71659 0.767358 0.098985 0.133657
0.717059 0.76679 0.0992264 0.133983
0.717527 0.766226 0.0994665 0.134308
0.717995 0.765663 0.099706 0.134631
0.718463 0.765102 0.0999449 0.134954
0.71893 0.764543 0.100183 0.135274
0.719396 0.763987 0.100419 0.135594
0.719862 0.763433 0.100655 0.135912
0.720328 0.76288 0.10089 0.13623
0.720793 0.76233 0.101124 0.136546
0.721257 0.761783 0.101357 0.13686
0.721721 0.761238 0.101589 0.137173
0.722184 0.760695 0.10182 0.137485
0.722647 0.760154 0.10205 0.137796
0.723109 0.759615 0.102279 0.138106
0.723571 0.759078 0.102508 0.138414
0.724033 0.758543 0.102736 0.138722
0.724493 0.758011 0.102962 0.139027
0.724954 0.75748 0.103188 0.139332
0.725413 0.756953 0.103412 0.139635
0.725873 0.756426 0.103636 0.139938
0.726331 0.755903 0.103859 0.140239
0.726789 0.755381 0.104081 0.140538
0.727247 0.754861 0.104302 0.140837
0.727704 0.754344 0.104522 0.141134
0.728161 0.753828 0.104742 0.14143
0.728617 0.753315 0.10496 0.141725
0.729073 0.752804 0.105177 0.142019
0.729528 0.752295 0.105394 0.142311
0.729982 0.751789 0.105609 0.142602
0.730436 0.751284 0.105824 0.142892
0.730888 0.750783 0.106037 0.14318
0.732696 0.748795 0.106883 0.144322
0.734497 0.746839 0.107715 0.145446
0.736289 0.744916 0.108533 0.14655
0.738073 0.743027 0.109337 0.147636
0.739848 0.74117 0.110127 0.148702
0.741615 0.739346 0.110903 0.149751
0.743373 0.737555 0.111666 0.15078
0.745123 0.735794 0.112415 0.151791
0.746865 0.734065 0.11315 0.152784
0.748598 0.732368 0.113872 0.15376
0.750323 0.730701 0.114582 0.154717
0.752039 0.729065 0.115278 0.155657
0.753746 0.72746 0.115961 0.156579
0.755446 0.725883 0.116631 0.157485
0.757137 0.724337 0.11729 0.158374
0.758819 0.722819 0.117935 0.159245
0.760493 0.72133 0.118569 0.160101
0.762158 0.71987 0.11919 0.16094
0.763815 0.718438 0.1198 0.161763
0.765463 0.717033 0.120397 0.16257
0.767103 0.715655 0.120983 0.163361
0.768734 0.714305 0.121558 0.164137
0.770357 0.71298 0.122121 0.164898
0.771971 0.711682 0.122674 0.165644
0.773577 0.71041 0.123215 0.166375
0.775174 0.709163 0.123746 0.167091
0.776763 0.70794 0.124266 0.167794
0.778343 0.706743 0.124775 0.168482
0.779915 0.705569 0.125275 0.169156
0.781478 0.70442 0.125764 0.169816
0.783033 0.703293 0.126243 0.170463
0.784579 0.70219 0.126712 0.171097
0.786117 0.70111 0.127172 0.171718
0.787646 0.700052 0.127622 0.172326
0.789167 0.699015 0.128063 0.172921
0.79068 0.698 0.128495 0.173505
0.792183 0.697007 0.128918 0.174075
0.793679 0.696034 0.129332 0.174634
0.795166 0.695082 0.129737 0.175181
0.796645 0.694149 0.130134 0.175717
0.798115 0.693237 0.130522 0.176241
0.799577 0.692344 0.130902 0.176754
0.801031 0.691469 0.131274 0.177257
0.802476 0.690614 0.131638 0.177748
0.803913 0.689776 0.131994 0.178229
0.805341 0.688958 0.132343 0.1787
0.806761 0.688156 0.132684 0.17916
0.808173 0.687372 0.133017 0.179611
0.809577 0.686604 0.133344 0.180052
0.810972 0.685854 0.133663 0.180483
0.812359 0.68512 0.133976 0.180905
0.813738 0.684402 0.134281 0.181317
0.815108 0.6837 0.13458 0.181721
0.816471 0.683012 0.134872 0.182115
0.817825 0.682341 0.135158 0.182501
0.819171 0.681684 0.135438 0.182879
0.820509 0.681041 0.135711 0.183248
0.821838 0.680413 0.135978 0.183609
0.82316 0.679798 0.13624 0.183962
0.824473 0.679198 0.136495 0.184307
0.825778 0.678611 0.136745 0.184644
0.827076 0.678037 0.136989 0.184974
0.828365 0.677475 0.137228 0.185296
0.829646 0.676927 0.137462 0.185612
0.830919 0.676391 0.13769 0.18592
0.832184 0.675866 0.137913 0.186221
0.833442 0.675354 0.138131 0.186515
0.834691 0.674853 0.138344 0.186803
0.835932 0.674364 0.138552 0.187084
0.837166 0.673885 0.138756 0.187359
0.838392 0.673417 0.138955 0.187628
0.83961 0.67296 0.139149 0.18789
0.84082 0.672514 0.139339 0.188147
0.842022 0.672078 0.139525 0.188398
0.843216 0.671651 0.139706 0.188642
0.844403 0.671235 0.139884 0.188882
0.845582 0.670827 0.140057 0.189116
0.846753 0.67043 0.140226 0.189344
0.847917 0.670041 0.140391 0.189568
0.849073 0.669661 0.140553 0.189786
0.850222 0.66929 0.140711 0.189999
0.851362 0.668928 0.140865 0.190207
0.852496 0.668573 0.141016 0.190411
0.853622 0.668227 0.141163 0.19061
0.85474 0.667889 0.141307 0.190804
0.855851 0.667559 0.141447 0.190994
0.856954 0.667237 0.141585 0.191179
0.85805 0.666921 0.141719 0.19136
0.859139 0.666614 0.14185 0.191537
0.86022 0.666313 0.141978 0.191709
0.861294 0.666019 0.142103 0.191878
0.862361 0.665732 0.142225 0.192043
0.863421 0.665452 0.142344 0.192204
0.864473 0.665178 0.14246 0.192362
0.865518 0.664911 0.142574 0.192515
0.866556 0.664649 0.142685 0.192665
0.867586 0.664394 0.142794 0.192812
0.86861 0.664145 0.1429 0.192955
0.869626 0.663902 0.143003 0.193095
0.870636 0.663664 0.143105 0.193231
0.871638 0.663432 0.143203 0.193365
0.872633 0.663205 0.1433 0.193495
0.873621 0.662984 0.143394 0.193622
0.874603 0.662767 0.143486 0.193746
0.875577 0.662556 0.143576 0.193868
0.876545 0.66235 0.143664 0.193986
0.877506 0.662148 0.14375 0.194102
0.87846 0.661951 0.143833 0.194215
0.879407 0.661759 0.143915 0.194326
0.880348 0.661571 0.143995 0.194434
0.881282 0.661388 0.144073 0.194539
0.882209 0.661209 0.144149 0.194642
0.883129 0.661034 0.144224 0.194742
0.884043 0.660863 0.144296 0.19484
0.884951 0.660696 0.144367 0.194936
0.885852 0.660533 0.144437 0.19503
0.886746 0.660374 0.144504 0.195121
0.887634 0.660219 0.144571 0.195211
0.888515 0.660067 0.144635 0.195298
0.889391 0.659918 0.144698 0.195383
0.890259 0.659774 0.14476 0.195466
0.891122 0.659632 0.14482 0.195548
0.891978 0.659494 0.144879 0.195627
0.892828 0.659359 0.144936 0.195705
0.893671 0.659227 0.144992 0.19578
0.894509 0.659098 0.145047 0.195854
0.89534 0.658972 0.145101 0.195927
0.896165 0.65885 0.145153 0.195997
0.896984 0.65873 0.145204 0.196066
0.897797 0.658612 0.145254 0.196134
0.898603 0.658498 0.145303 0.196199
0.899404 0.658386 0.14535 0.196264
0.900199 0.658277 0.145397 0.196326
0.900988 0.65817 0.145442 0.196388
0.901771 0.658066 0.145487 0.196448
0.902548 0.657964 0.14553 0.196506
0.903319 0.657864 0.145572 0.196563
0.904084 0.657767 0.145614 0.196619
0.904844 0.657672 0.145654 0.196674
0.905598 0.657579 0.145694 0.196727
0.906346 0.657489 0.145732 0.196779
0.907089 0.6574 0.14577 0.19683
0.907826 0.657314 0.145807 0.19688
0.908557 0.657229 0.145843 0.196928
0.909283 0.657147 0.145878 0.196976
0.910003 0.657066 0.145912 0.197022
0.910717 0.656987 0.145946 0.197067
0.911427 0.65691 0.145978 0.197112
0.91213 0.656835 0.14601 0.197155
0.912829 0.656761 0.146042 0.197197
0.913522 0.656689 0.146072 0.197238
0.914209 0.656619 0.146102 0.197279
0.914891 0.656551 0.146131 0.197318
0.915568 0.656484 0.14616 0.197357
0.91624 0.656418 0.146188 0.197394
0.916907 0.656354 0.146215 0.197431
0.917568 0.656291 0.146242 0.197467
0.918224 0.65623 0.146268 0.197502
0.918876 0.65617 0.146293 0.197537
0.919522 0.656112 0.146318 0.19757
0.920163 0.656055 0.146342 0.197603
0.920799 0.655999 0.146366 0.197635
0.92143 0.655944 0.146389 0.197667
0.922056 0.655891 0.146412 0.197697
0.922677 0.655839 0.146434 0.197727
0.923293 0.655788 0.146456 0.197756
0.923905 0.655738 0.146477 0.197785
0.924511 0.655689 0.146498 0.197813
0.925113 0.655641 0.146518 0.19784
0.92571 0.655595 0.146538 0.197867
0.926303 0.655549 0.146557 0.197893
0.92689 0.655505 0.146576 0.197919
0.927473 0.655461 0.146595 0.197944
0.928052 0.655418 0.146613 0.197969
0.928625 0.655377 0.146631 0.197992
0.929194 0.655336 0.146648 0.198016
0.929759 0.655296 0.146665 0.198039
0.930319 0.655257 0.146682 0.198061
0.930874 0.655219 0.146698 0.198083
0.931426 0.655182 0.146714 0.198104
0.931972 0.655145 0.146729 0.198125
0.932514 0.65511 0.146744 0.198146
0.933052 0.655075 0.146759 0.198166
0.933586 0.655041 0.146774 0.198186
0.934115 0.655007 0.146788 0.198205
0.93464 0.654975 0.146802 0.198223
0.935161 0.654943 0.146815 0.198242
0.935677 0.654912 0.146829 0.19826
0.93619 0.654881 0.146842 0.198277
0.936698 0.654851 0.146854 0.198295
0.937202 0.654822 0.146867 0.198311
0.937702 0.654793 0.146879 0.198328
0.938198 0.654765 0.146891 0.198344
0.93869 0.654738 0.146903 0.19836
0.939178 0.654711 0.146914 0.198375
0.939662 0.654685 0.146925 0.19839
0.940142 0.654659 0.146936 0.198405
0.940618 0.654634 0.146947 0.198419
0.94109 0.654609 0.146957 0.198434
0.941559 0.654585 0.146968 0.198447
0.942023 0.654561 0.146978 0.198461
0.942484 0.654538 0.146987 0.198474
0.942941 0.654516 0.146997 0.198487
0.943394 0.654494 0.147007 0.1985
0.943844 0.654472 0.147016 0.198512
0.94429 0.654451 0.147025 0.198525
0.944732 0.65443 0.147034 0.198537
0.94517 0.654409 0.147042 0.198548
0.945605 0.65439 0.147051 0.19856
0.946036 0.65437 0.147059 0.198571
0.946464 0.654351 0.147067 0.198582
0.946888 0.654332 0.147075 0.198593
0.947308 0.654314 0.147083 0.198603
0.947725 0.654296 0.147091 0.198613
0.948139 0.654278 0.147098 0.198624
0.948549 0.654261 0.147105 0.198633
0.948956 0.654244 0.147113 0.198643
0.949006 0.654242 0.147113 0.198644
0.949035 0.654241 0.147114 0.198645
0.949199 0.654234 0.147117 0.198649
0.9495 0.654222 0.147122 0.198656
0.949799 0.65421 0.147127 0.198663
0.950097 0.654198 0.147132 0.19867
0.950392 0.654186 0.147137 0.198676
0.950686 0.654175 0.147142 0.198683
0.950978 0.654164 0.147147 0.19869
0.951268 0.654152 0.147152 0.198696
0.951556 0.654141 0.147156 0.198702
0.951843 0.654131 0.147161 0.198708
0.952127 0.65412 0.147166 0.198715
0.95241 0.654109 0.14717 0.198721
0.952691 0.654099 0.147174 0.198727
0.952971 0.654089 0.147179 0.198732
0.953248 0.654079 0.147183 0.198738
0.953524 0.654069 0.147187 0.198744
0.953798 0.654059 0.147191 0.19875
0.954071 0.654049 0.147195 0.198755
0.954341 0.65404 0.147199 0.19876
0.95461 0.654031 0.147203 0.198766
0.954877 0.654022 0.147207 0.198771
0.955143 0.654012 0.147211 0.198776
0.955407 0.654004 0.147215 0.198781
0.955669 0.653995 0.147219 0.198786
0.95593 0.653986 0.147222 0.198791
0.956189 0.653978 0.147226 0.198796
0.956446 0.653969 0.14723 0.198801
0.956702 0.653961 0.147233 0.198806
0.956956 0.653953 0.147237 0.198811
0.957208 0.653945 0.14724 0.198815
0.957459 0.653937 0.147243 0.19882
0.957709 0.653929 0.147247 0.198824
0.957956 0.653921 0.14725 0.198829
0.958203 0.653914 0.147253 0.198833
0.958447 0.653906 0.147256 0.198837
0.95869 0.653899 0.147259 0.198842
0.958932 0.653892 0.147263 0.198846
0.959172 0.653885 0.147266 0.19885
0.95941 0.653878 0.147269 0.198854
0.959648 0.653871 0.147272 0.198858
0.959883 0.653864 0.147274 0.198862
0.960117 0.653857 0.147277 0.198866
0.96035 0.65385 0.14728 0.198869
0.960581 0.653844 0.147283 0.198873
0.96081 0.653837 0.147286 0.198877
0.961038 0.653831 0.147288 0.198881
0.961265 0.653825 0.147291 0.198884
0.96149 0.653819 0.147294 0.198888
0.961714 0.653812 0.147296 0.198891
0.961937 0.653806 0.147299 0.198895
0.962158 0.653801 0.147301 0.198898
0.962377 0.653795 0.147304 0.198901
0.962595 0.653789 0.147306 0.198905
0.962812 0.653783 0.147309 0.198908
0.963027 0.653778 0.147311 0.198911
0.963241 0.653772 0.147313 0.198914
0.963454 0.653767 0.147316 0.198918
0.963665 0.653761 0.147318 0.198921
0.963875 0.653756 0.14732 0.198924
0.964084 0.653751 0.147323 0.198927
0.964291 0.653746 0.147325 0.19893
0.964497 0.653741 0.147327 0.198933
0.964702 0.653736 0.147329 0.198935
0.964905 0.653731 0.147331 0.198938
0.965107 0.653726 0.147333 0.198941
0.965308 0.653721 0.147335 0.198944
0.965508 0.653716 0.147337 0.198946
0.965706 0.653712 0.147339 0.198949
0.965903 0.653707 0.147341 0.198952
0.966099 0.653702 0.147343 0.198954
0.966294 0.653698 0.147345 0.198957
0.966487 0.653694 0.147347 0.19896
0.966679 0.653689 0.147349 0.198962
0.96687 0.653685 0.147351 0.198965
0.96706 0.653681 0.147352 0.198967
0.967248 0.653677 0.147354 0.198969
0.967436 0.653672 0.147356 0.198972
0.967622 0.653668 0.147358 0.198974
0.967807 0.653664 0.147359 0.198976
0.967991 0.65366 0.147361 0.198979
0.968173 0.653656 0.147363 0.198981
0.968355 0.653653 0.147364 0.198983
0.968535 0.653649 0.147366 0.198985
0.968715 0.653645 0.147368 0.198987
0.968893 0.653641 0.147369 0.19899
0.96907 0.653638 0.147371 0.198992
0.969246 0.653634 0.147372 0.198994
0.969421 0.653631 0.147374 0.198996
0.969594 0.653627 0.147375 0.198998
0.969767 0.653624 0.147377 0.199
0.969939 0.65362 0.147378 0.199002
0.970109 0.653617 0.14738 0.199004
0.970278 0.653613 0.147381 0.199006
0.970447 0.65361 0.147382 0.199007
0.970614 0.653607 0.147384 0.199009
0.97078 0.653604 0.147385 0.199011
0.970945 0.653601 0.147386 0.199013
0.97111 0.653597 0.147388 0.199015
0.971273 0.653594 0.147389 0.199017
0.971435 0.653591 0.14739 0.199018
0.971596 0.653588 0.147392 0.19902
0.971756 0.653585 0.147393 0.199022
0.971915 0.653583 0.147394 0.199023
0.972073 0.65358 0.147395 0.199025
0.97223 0.653577 0.147397 0.199027
0.972386 0.653574 0.147398 0.199028
0.972541 0.653571 0.147399 0.19903
0.972695 0.653569 0.1474 0.199031
0.972848 0.653566 0.147401 0.199033
0.973 0.653563 0.147402 0.199034
0.973152 0.653561 0.147403 0.199036
0.973302 0.653558 0.147405 0.199037
0.973451 0.653555 0.147406 0.199039
0.9736 0.653553 0.147407 0.19904
0.973747 0.65355 0.147408 0.199042
0.973894 0.653548 0.147409 0.199043
0.97404 0.653545 0.14741 0.199045
0.974185 0.653543 0.147411 0.199046
0.974329 0.653541 0.147412 0.199047
0.974472 0.653538 0.147413 0.199049
0.974614 0.653536 0.147414 0.19905
0.974755 0.653534 0.147415 0.199051
0.974896 0.653532 0.147416 0.199053
0.975035 0.653529 0.147417 0.199054
0.975174 0.653527 0.147418 0.199055
0.975312 0.653525 0.147419 0.199056
0.975449 0.653523 0.14742 0.199058
0.975585 0.653521 0.14742 0.199059
0.97572 0.653519 0.147421 0.19906
0.975855 0.653517 0.147422 0.199061
0.975988 0.653515 0.147423 0.199062
0.976121 0.653513 0.147424 0.199064
0.976253 0.653511 0.147425 0.199065
0.976385 0.653509 0.147426 0.199066
0.976515 0.653507 0.147426 0.199067
0.976645 0.653505 0.147427 0.199068
0.976773 0.653503 0.147428 0.199069
0.976901 0.653501 0.147429 0.19907
0.977029 0.653499 0.14743 0.199071
0.977155 0.653497 0.14743 0.199072
0.977281 0.653496 0.147431 0.199073
0.977406 0.653494 0.147432 0.199074
0.97753 0.653492 0.147433 0.199075
0.977654 0.65349 0.147433 0.199076
0.977776 0.653489 0.147434 0.199077
0.977898 0.653487 0.147435 0.199078
0.978019 0.653485 0.147436 0.199079
0.97814 0.653484 0.147436 0.19908
0.97826 0.653482 0.147437 0.199081
0.978379 0.65348 0.147438 0.199082
0.978497 0.653479 0.147438 0.199083
0.978615 0.653477 0.147439 0.199084
0.978731 0.653476 0.14744 0.199085
0.978848 0.653474 0.14744 0.199086
0.978963 0.653473 0.147441 0.199087
0.979078 0.653471 0.147442 0.199087
0.979192 0.65347 0.147442 0.199088
0.979305 0.653468 0.147443 0.199089
0.979418 0.653467 0.147443 0.19909
0.97953 0.653465 0.147444 0.199091
0.979641 0.653464 0.147445 0.199092
0.979751 0.653462 0.147445 0.199092
0.979861 0.653461 0.147446 0.199093
0.979971 0.65346 0.147446 0.199094
0.980079 0.653458 0.147447 0.199095
0.980187 0.653457 0.147448 0.199095
0.980294 0.653456 0.147448 0.199096
0.980401 0.653454 0.147449 0.199097
0.980507 0.653453 0.147449 0.199098
0.980612 0.653452 0.14745 0.199098
0.980717 0.653451 0.14745 0.199099
0.980821 0.653449 0.147451 0.1991
0.980924 0.653448 0.147451 0.1991
0.981027 0.653447 0.147452 0.199101
0.981129 0.653446 0.147452 0.199102
0.98123 0.653445 0.147453 0.199103
0.981331 0.653444 0.147453 0.199103
0.981432 0.653442 0.147454 0.199104
0.981531 0.653441 0.147454 0.199104
0.98163 0.65344 0.147455 0.199105
0.981729 0.653439 0.147455 0.199106
0.981826 0.653438 0.147456 0.199106
0.981924 0.653437 0.147456 0.199107
0.98202 0.653436 0.147457 0.199108
0.982116 0.653435 0.147457 0.199108
0.982212 0.653434 0.147457 0.199109
0.982306 0.653433 0.147458 0.199109
0.982401 0.653432 0.147458 0.19911
0.982494 0.653431 0.147459 0.199111
0.982588 0.65343 0.147459 0.199111
0.98268 0.653429 0.14746 0.199112
0.982772 0.653428 0.14746 0.199112
0.982863 0.653427 0.14746 0.199113
0.982954 0.653426 0.147461 0.199113
0.983044 0.653425 0.147461 0.199114
0.983134 0.653424 0.147462 0.199114
0.983223 0.653423 0.147462 0.199115
0.983312 0.653422 0.147462 0.199115
0.9834 0.653421 0.147463 0.199116
0.983487 0.65342 0.147463 0.199116
0.983574 0.65342 0.147463 0.199117
0.983661 0.653419 0.147464 0.199117
0.983746 0.653418 0.147464 0.199118
0.983832 0.653417 0.147465 0.199118
0.983916 0.653416 0.147465 0.199119
0.984001 0.653415 0.147465 0.199119
0.984084 0.653415 0.147466 0.19912
0.984168 0.653414 0.147466 0.19912
0.98425 0.653413 0.147466 0.199121
0.984332 0.653412 0.147467 0.199121
0.984414 0.653411 0.147467 0.199122
0.984495 0.653411 0.147467 0.199122
0.984576 0.65341 0.147468 0.199123
0.984656 0.653409 0.147468 0.199123
0.984735 0.653408 0.147468 0.199123
0.984815 0.653408 0.147469 0.199124
0.984893 0.653407 0.147469 0.199124
0.984971 0.653406 0.147469 0.199125
0.985049 0.653405 0.147469 0.199125
0.985126 0.653405 0.14747 0.199125
0.985203 0.653404 0.14747 0.199126
0.985279 0.653403 0.14747 0.199126
0.985354 0.653403 0.147471 0.199127
0.98543 0.653402 0.147471 0.199127
0.985504 0.653401 0.147471 0.199127
0.985578 0.653401 0.147471 0.199128
0.985652 0.6534 0.147472 0.199128
0.985725 0.6534 0.147472 0.199128
